1444311000,110.085,110.19,110.02,110.19,386022
1,109.18,110.17,109.03,110.09,2133460
2,109.2511,109.61,109.11,109.19,1239944
3,109.705,109.81,109.25,109.26,1359831
4,109.4657,109.92,109.4,109.708,1185916
5,109.329,109.54,109.2,109.46,1237273
6,109,109.49,108.92,109.3,1442378
7,108.98,109.01,108.74,108.99,1575494
8,108.82,109.14,108.79,108.98,1323243
9,108.64,108.89,108.6,108.81,1264263
10,108.514,108.66,108.45,108.64,1388880
11,108.8406,108.9,108.46,108.52,876016
12,108.8537,108.9098,108.78,108.839,661027
13,108.75,109.02,108.71,108.85,751109
14,108.91,108.92,108.7,108.76,551961
15,108.8675,108.96,108.78,108.92,453638
16,108.9751,109.18,108.87,108.88,812281
17,108.8401,109.02,108.79,108.97,494808
18,108.98,109.03,108.76,108.84,397907
19,108.775,109.01,108.75,108.98,590079
20,108.55,108.78,108.45,108.78,900201
21,108.68,108.7,108.53,108.55,418771
22,108.93,109.02,108.64,108.66,718772
23,108.94,109.07,108.92,108.93,696442
24,109,109.1,108.93,108.95,522051
25,108.93,109.1,108.9,109,649148
26,108.82,109,108.81,108.94,289797
27,108.85,108.87,108.7,108.826,268610
28,108.98,108.98,108.85,108.86,109502
29,108.9499,109.06,108.92,109,109353
30,108.91,108.999,108.87,108.9401,108019
31,108.9999,109.02,108.89,108.8968,103836
32,108.82,109,108.82,108.99,153144
33,108.74,108.88,108.7037,108.83,119225
34,108.7,108.89,108.7,108.74,101874
35,108.6558,108.74,108.56,108.73,172433
36,108.41,108.64,108.36,108.63,278667
37,108.53,108.5899,108.35,108.375,179151
38,108.5,108.57,108.47,108.54,95362
39,108.4401,108.67,108.42,108.52,138320
40,108.31,108.5,108.25,108.46,148259
41,108.36,108.47,108.21,108.3,172043
42,108.47,108.57,108.365,108.39,90757
43,108.45,108.68,108.43,108.52,115170
44,108.52,108.5813,108.46,108.4751,54547
45,108.67,108.73,108.45,108.52,130087
46,108.7899,108.8,108.62,108.64,169026
47,108.765,108.87,108.75,108.7801,131787
48,108.75,108.85,108.71,108.757,138414
49,108.7853,108.83,108.72,108.74,131990
50,108.62,108.83,108.58,108.79,350606
51,108.5699,108.63,108.54,108.62,168509
52,108.65,108.695,108.5501,108.57,253300
53,108.679,108.7,108.581,108.65,264465
54,108.7764,108.795,108.625,108.68,250913
55,108.8,109,108.75,108.7713,1069839
56,108.7,108.88,108.54,108.8,851798
57,108.99,109.01,108.6865,108.7,764101
58,109.24,109.33,108.89,108.99,1263171
59,108.96,109.25,108.8,109.235,794507
60,108.96,109.05,108.83,108.95,270520
61,109.44,109.47,108.96,108.96,738277
62,109.36,109.48,109.24,109.43,543861
63,109.52,109.54,109.34,109.344,803566
64,109.4301,109.55,109.28,109.52,645487
65,109.39,109.46,109.2599,109.43,507880
66,109.559,109.66,109.31,109.36,647397
67,109.8,109.85,109.53,109.56,807738
68,109.8899,109.98,109.72,109.79,744691
69,109.9931,110.03,109.85,109.88,917033
70,109.87,110.14,109.76,110,1180273
71,109.5857,109.904,109.51,109.87,1187873
72,109.34,109.66,109.23,109.58,799705
73,109.39,109.53,109.31,109.33,581443
74,109.1975,109.51,109.18,109.39,887815
75,109.41,109.42,109.18,109.195,719855
76,109.34,109.53,109.33,109.41,659072
77,109.46,109.475,109.34,109.35,747390
78,109.5,109.55,109.39,109.47,3608821
